	// array b
float b[] = { -0.022345, 0.000024, 0.000477, 0.001261, 0.002341, 
		0.003740, 0.005422, 0.007399, 0.009625, 0.012098, 
		0.014760, 0.017602, 0.020547, 0.023589, 0.026627, 
		0.029677, 0.032549, 0.035320, 0.037891, 0.040180, 
		0.042183, 0.043828, 0.045099, 0.045957, 0.046392, 
		0.046392, 0.045957, 0.045099, 0.043828, 0.042183, 
		0.040180, 0.037891, 0.035320, 0.032549, 0.029677, 
		0.026627, 0.023589, 0.020547, 0.017602, 0.014760, 
		0.012098, 0.009625, 0.007399, 0.005422, 0.003740, 
		0.002341, 0.001261, 0.000477, 0.000024, -0.022345 };

